0000000000
0001110000
0001010000
0001010000
0001110000
0001110000
0001010000
0001010000
0001110000
0000000000

"0"
0000000000
0001111000
0001011000
0001011000
0001011000
0001011000
0001011000
0001011000
0001111000
0000000000

0000000000
1111111000
1010011000
1000011000
1111111000
1001111001
1001111000
1001111000
1111111000
0000000000

"1"
0000011000
0000011000
0000011000
0000011000
0000011000
0000011000
0000011000
0000011000
0000011000
0000000000

"-"
0000000000
0000000000
0000000000
0000000000
0000000000
0000000000
0000000000
0011111100
0000000000
0000000000

х - квадрат
0000000000
0000000000
0000000000
0000000000
0000000000
0000000000
0011000000
0011000000
0000000000
0000000000

х - разрыв
0000011000
0000011000
0000011000
0000011000
0000011000
0000011000
0000000000
0000011000
0000011000
0000000000

0000011000
0000011000
0000011000
0000010000
0000011000
0000011000
0000011000
0000011000
0000011000
0000000000

0011111100
0011100000
0011111100
0011111100
0011111100
0000011000
0000011000
0000011000
0000011000
0000000000

"0"
0000000000
0000000000
0000000000
0000111000
0000101000
0000111000
0000000000
0000000000
0000000000
0000000000